start
[INFO] evaluating...
[2 0 0 2 0 0 2 0 2 0 0 2 0 2 0 2 2 0 0 0 2 2 0 0 2 0 2 0 2 2 0 0 2 0 2 2 2
 0 2 0 0 0 2 0 2 2 2 2 0 0 2 0 2 2 0 0 0 0 0 0 2 0 2 2 0 0 2 0 0 0 2 0 0 0
 2 0 2 0 2 2 0 2 2 0 0 0 0 0 2 2 2 0 0 2 0 2 2 2 0 0 2 0 0 0 0 0 2 0 2 2 0
 0 2 0 0 2 0 2 2 2 2 2 2 0 0 0 2 0 0 2 2 0 2 2 0 2 0 0 2 0 2 0 2 0 0 2 0 0
 0 2 2 2 0 0 0 0 2 0 0 2 0 0 2 0 2 0 0 2 2 0 0 0 2 2 2 2 2 2 0 0 0 2 0 0 2
 2 0 0 2 2 0 0 2 0 0 0 2 0 0 0 0 0 2 2 2 0 2 0 0 0 0 2 0 2 0 2 2 0 2 0 0 0
 2 0 0 2 0 2 2 2 2 2 2 0 0 0 0 0 2 2 2 0 2 0 0 0 2 0 0 0 2 2 0 2 0 0 2 0 0
 0 0 0 2 2 2 2 2 0 0 2 0 0 0 0 0 2 2 0 2 2 2 0 2 0 2 2 0 0 2 2 0 0 0 2 2 0
 2 2 2 2 2 2 2 0 2 2 2 2 2 2 2 0 0 2 2 2 0 0 2 2 0 2 0 2 2 0 2 0 0 2 0 2 2
 2 2 2 0 2 2 0 2 2 2 0 2 0 2 0 0 2 0 2 2 0 0 0 0 0 0 2 2 0 2 2 2 0 0 0 0 2
 2 2 2 2 0 0 2 0 2 0 0 2 2 2 0 0 0 0 2 2 0 0 0 2 2 0 0 2 0 2 0 0 0 0 0 0 2
 2 0 2 0 2 0 2 2 2 0 2 2 2 0 2 2 0 2 0 0 2 2 2 2 2 0 0 0 0 0 2 2 2 0 2 0 0
 2 0 0 2 2 0 0 0 2 0 0 2 0 2 2 0 2 2 0 0 2 0 0 0 0 2 0 0 2 2 0 0 2 0 2 0 2
 0 0 2 0 2 0 2 0 0 0 2 2 0 2 2 2 2 0 2]
[INFO] score: 0.754
start
[INFO] evaluating...
[2 0 0 2 0 0 2 0 2 0 0 2 0 2 0 2 2 0 0 0 2 2 0 0 0 0 2 2 2 2 0 0 4 0 2 2 2
 0 4 0 0 0 2 0 2 2 2 4 2 0 2 0 2 2 0 0 1 0 0 0 2 0 2 2 0 0 2 0 0 0 4 0 0 0
 2 0 2 0 2 2 0 2 1 0 0 0 0 0 2 2 0 0 0 2 0 2 4 2 0 0 2 0 0 0 0 0 2 0 2 2 0
 0 2 0 0 2 0 2 2 2 2 2 2 0 0 0 2 0 0 2 2 0 2 2 0 2 0 0 2 0 2 0 1 0 0 4 0 0
 0 2 2 2 0 0 0 0 2 0 0 1 0 0 4 0 2 0 0 0 2 0 0 0 2 0 2 2 2 2 0 0 0 2 0 0 2
 2 0 0 4 4 0 0 2 0 0 0 2 0 0 0 0 1 2 4 2 0 2 0 0 0 0 2 0 2 0 2 2 0 4 1 0 0
 2 0 0 2 0 2 2 2 2 2 2 0 1 0 0 0 2 2 2 0 2 0 0 0 4 0 0 0 4 2 0 2 0 0 2 0 0
 0 0 0 2 2 2 2 2 0 0 2 0 0 0 0 0 4 2 0 2 4 2 0 2 0 0 2 0 0 2 2 0 0 0 2 4 0
 2 2 2 2 2 2 2 0 2 2 2 2 2 2 4 0 0 2 2 2 0 0 2 2 1 2 0 2 2 0 2 0 0 2 0 2 2
 2 2 2 0 2 2 0 2 2 2 0 2 0 4 0 0 2 0 2 2 0 0 0 0 0 0 2 2 0 2 2 2 0 0 0 0 2
 1 2 2 2 0 0 0 0 2 1 0 2 2 2 0 0 0 0 2 2 0 0 0 2 2 0 0 4 0 2 0 0 0 0 0 0 1
 4 0 2 0 2 0 2 2 4 0 2 1 1 0 2 4 0 1 0 0 2 4 2 2 2 0 0 0 0 0 2 2 2 0 2 0 0
 2 0 0 2 2 0 0 0 4 0 0 2 0 2 2 0 4 2 0 0 2 0 0 0 0 4 0 0 2 2 0 0 2 0 2 0 2
 0 0 2 0 4 0 1 0 0 0 2 2 0 2 2 2 2 0 1]
[INFO] score: 0.802
start
[INFO] evaluating...
[2 0 0 2 0 0 2 0 2 0 0 0 0 2 0 2 2 0 0 0 2 2 0 0 0 0 2 2 2 2 0 0 2 0 2 2 2
 0 4 0 0 0 2 0 0 2 2 2 2 0 2 0 2 2 0 0 0 0 0 0 2 0 2 2 0 0 2 0 0 0 2 0 0 0
 2 0 2 0 2 2 0 2 2 0 0 0 0 0 2 2 0 0 0 2 0 2 2 2 0 0 2 0 0 0 0 0 2 0 2 2 0
 0 2 0 0 2 0 2 2 2 2 2 2 0 0 0 2 2 0 2 2 0 2 2 0 2 0 0 2 0 2 0 0 0 0 2 0 0
 0 2 2 2 0 0 0 0 2 0 0 2 0 0 2 0 2 0 0 2 2 0 0 0 2 2 2 2 2 2 0 0 0 2 0 0 2
 0 0 0 2 2 0 0 2 0 0 0 2 0 0 0 0 0 2 2 2 0 2 0 0 0 0 2 0 2 0 2 2 0 2 0 0 0
 2 0 0 2 0 2 2 2 2 2 2 0 2 0 0 0 2 2 2 0 2 0 0 0 2 0 0 0 2 2 0 0 0 0 2 0 0
 0 0 0 2 2 2 2 2 0 0 2 0 0 0 0 0 2 2 0 2 2 2 0 2 0 0 2 0 0 2 2 0 0 0 0 2 0
 2 2 2 2 2 2 2 0 2 2 2 2 2 2 2 0 0 2 2 2 0 0 2 2 2 2 0 2 2 0 2 0 0 2 0 2 2
 2 2 2 0 2 2 0 2 2 2 0 2 0 2 0 0 2 0 2 2 0 0 0 0 0 0 2 2 0 2 2 2 0 0 0 0 2
 2 2 2 2 0 0 0 0 2 2 0 2 2 2 0 0 0 0 2 2 0 0 0 2 2 0 0 2 0 2 0 0 0 0 0 0 2
 4 0 2 0 2 0 2 2 2 0 2 2 2 0 2 2 0 2 0 0 2 2 2 2 2 0 0 0 0 0 2 2 2 0 2 0 0
 2 0 0 2 2 0 0 0 2 0 0 2 0 2 2 0 2 2 0 0 2 0 0 0 0 2 0 0 2 2 0 0 2 0 2 0 2
 0 0 2 0 2 0 2 0 0 0 2 2 0 2 2 2 2 0 2]
[INFO] score: 0.75
start
[INFO] evaluating...
[2 0 0 2 0 0 2 0 2 0 0 2 0 2 0 2 2 0 0 0 2 2 0 0 2 0 2 0 2 2 0 0 2 0 2 2 2
 0 2 0 0 0 2 0 2 2 2 2 0 0 2 0 2 2 0 0 0 0 0 0 2 0 2 2 0 0 2 0 0 0 2 0 0 0
 2 0 2 0 2 2 0 2 2 0 0 0 0 0 2 2 2 0 0 2 0 2 2 2 0 0 2 0 0 0 0 0 2 0 2 2 0
 0 2 0 0 2 0 2 2 2 2 2 2 0 0 0 2 0 0 2 2 0 2 2 0 2 0 0 2 0 2 0 2 0 0 2 0 0
 0 2 2 2 0 0 0 0 2 0 0 2 0 0 2 0 2 0 0 2 2 0 0 0 2 2 2 2 2 2 0 0 0 2 0 0 2
 2 0 0 2 2 0 0 2 0 0 0 2 0 0 0 0 0 2 2 2 0 2 0 0 0 0 2 0 2 0 2 2 0 2 0 0 0
 2 0 0 2 0 2 2 2 2 2 2 0 0 0 0 0 2 2 2 0 2 0 0 0 2 0 0 0 2 2 0 2 0 0 2 0 0
 0 0 0 2 2 2 2 2 0 0 2 0 0 0 0 0 2 2 0 2 2 2 0 2 0 2 2 0 0 2 2 0 0 0 2 2 0
 2 2 2 2 2 2 2 0 2 2 2 2 2 2 2 0 0 2 2 2 0 0 2 2 0 2 0 2 2 0 2 0 0 2 0 2 2
 2 2 2 0 2 2 0 2 2 2 0 2 0 2 0 0 2 0 2 2 0 0 0 0 0 0 2 2 0 2 2 2 0 0 0 0 2
 2 2 2 2 0 0 2 0 2 0 0 2 2 2 0 0 0 0 2 2 0 0 0 2 2 0 0 2 0 2 0 0 0 0 0 0 2
 2 0 2 0 2 0 2 2 2 0 2 2 2 0 2 2 0 2 0 0 2 2 2 2 2 0 0 0 0 0 2 2 2 0 2 0 0
 2 0 0 2 2 0 0 0 2 0 0 2 0 2 2 0 2 2 0 0 2 0 0 0 0 2 0 0 2 2 0 0 2 0 2 0 2
 0 0 2 0 2 0 2 0 0 0 2 2 0 2 2 2 2 0 2]
[INFO] score: 0.754
