start
[INFO] evaluating...
[2 0 0 2 0 0 2 0 2 0 0 2 0 2 0 2 2 0 0 0 2 2 0 0 2 0 2 2 2 2 0 0 2 0 2 2 2
 0 2 0 0 0 2 0 2 2 2 2 2 0 2 0 2 2 0 0 0 0 0 0 2 0 2 2 0 0 2 0 0 0 2 0 0 0
 2 0 2 0 2 2 0 2 2 0 0 0 0 0 2 2 2 0 0 2 0 2 2 2 0 0 2 0 0 0 0 0 2 0 2 2 0
 0 2 0 0 2 0 2 2 2 2 2 2 0 0 0 2 0 0 2 2 0 2 2 0 2 0 0 2 0 2 0 2 0 0 2 0 0
 0 2 2 2 0 0 0 0 2 0 0 2 0 0 2 0 2 0 0 2 2 0 0 0 2 2 2 2 2 2 0 0 0 2 0 0 2
 2 0 0 2 2 0 0 2 0 0 0 2 0 0 0 0 0 2 2 2 0 2 0 0 0 0 2 0 2 0 2 2 0 2 2 0 0
 2 0 0 2 0 2 2 2 2 2 2 0 2 0 0 0 2 2 2 0 2 0 0 0 2 0 0 0 2 2 0 2 0 0 2 0 0
 0 0 0 2 2 2 2 2 0 0 2 0 0 0 0 0 2 2 0 2 2 2 0 2 0 0 2 0 0 2 2 0 0 0 2 2 0
 2 2 2 2 2 2 2 0 2 2 2 2 2 2 2 0 0 2 2 2 0 0 2 2 2 2 0 2 2 0 2 0 0 2 0 2 2
 2 2 2 0 2 2 0 2 2 2 0 2 0 2 0 0 2 0 2 2 0 0 0 0 0 0 2 2 0 2 2 2 0 0 0 0 2
 2 2 2 2 0 0 2 0 2 2 0 2 2 2 0 0 0 0 2 2 0 0 0 2 2 0 0 2 0 2 0 0 0 0 0 0 2
 2 0 2 0 2 0 2 2 2 0 2 2 2 0 2 2 0 2 0 0 2 2 2 2 2 0 0 0 0 0 2 2 2 0 2 0 0
 2 0 0 2 2 0 0 0 2 0 0 2 0 2 2 0 2 2 0 0 2 0 0 0 0 2 0 0 2 2 0 0 2 0 2 0 2
 0 0 2 0 2 0 2 2 0 0 2 2 0 2 2 2 2 0 2]
[INFO] score: 0.75
start
[INFO] evaluating...
[0 0 0 0 0 0 2 0 2 0 0 0 0 0 0 2 0 0 0 0 2 0 0 0 0 0 2 0 2 2 0 0 2 0 0 0 0
 0 0 0 0 0 0 0 0 0 0 2 0 0 0 0 0 0 0 0 0 0 0 0 2 0 2 2 0 0 2 0 0 0 0 0 0 0
 2 0 0 0 0 2 0 2 0 0 0 0 0 0 2 0 0 0 0 2 0 0 0 0 0 0 0 0 0 0 0 0 2 0 0 0 0
 0 2 0 0 2 0 2 2 0 0 2 0 0 0 0 0 0 0 0 0 0 0 2 0 2 0 0 0 0 0 0 0 0 0 0 0 0
 0 2 0 2 0 0 0 0 0 0 0 0 0 0 2 0 2 0 0 0 0 0 0 0 0 0 0 0 0 0 0 0 0 2 0 0 2
 0 0 0 0 2 0 0 0 0 0 0 0 0 0 0 0 0 2 0 2 0 0 0 0 0 0 0 0 2 0 0 0 0 0 0 0 0
 0 0 0 0 0 0 2 0 0 0 0 0 0 0 0 0 2 0 2 0 0 0 0 0 0 0 0 0 0 0 0 0 0 0 0 0 0
 0 0 0 0 0 0 0 0 0 0 0 0 0 0 0 0 2 0 0 0 2 2 0 2 0 0 0 0 0 0 0 0 0 0 0 0 0
 0 0 0 0 0 2 2 0 2 0 0 2 0 0 2 0 0 0 2 0 0 0 0 2 0 0 0 2 2 0 2 0 0 0 0 2 2
 0 2 2 0 0 2 0 0 2 0 0 2 0 2 0 0 0 0 0 0 0 0 0 0 0 0 2 2 0 2 2 0 0 0 0 0 2
 0 2 0 0 0 0 0 0 0 0 0 0 0 0 0 0 0 0 0 2 0 0 0 0 0 0 0 2 0 2 0 0 0 0 0 0 0
 2 0 0 0 0 0 0 0 0 0 0 0 0 0 0 2 0 0 0 0 2 2 0 0 0 0 0 0 0 0 0 0 0 0 0 0 0
 2 0 0 0 2 0 0 0 0 0 0 0 0 0 0 0 2 2 0 0 0 0 0 0 0 0 0 0 0 2 0 0 0 0 0 0 0
 0 0 0 0 0 0 0 0 0 0 0 0 0 0 0 2 2 0 0]
[INFO] score: 0.584
start
[INFO] evaluating...
[2 0 0 2 0 0 2 0 2 0 0 2 0 2 0 2 2 0 0 0 2 2 0 0 0 0 2 2 2 2 0 0 2 0 2 2 2
 0 2 0 0 0 2 0 2 2 2 2 0 0 2 0 2 2 0 0 0 0 0 0 2 0 2 2 0 0 2 0 0 0 2 0 0 0
 2 0 2 0 2 2 0 2 0 0 0 0 0 0 2 2 2 0 0 2 0 2 2 2 0 0 2 0 0 0 0 0 2 0 2 2 0
 0 2 0 0 2 0 2 2 2 0 2 2 0 0 0 2 0 0 2 2 0 2 2 0 2 0 0 2 0 2 0 0 0 0 2 0 0
 0 2 2 2 0 0 0 0 2 0 0 2 0 0 2 0 2 0 0 0 2 0 0 0 2 2 2 2 2 2 0 0 0 2 0 0 2
 2 0 0 2 2 0 0 2 0 0 0 2 0 0 0 0 0 2 2 2 0 2 0 0 0 0 2 0 2 0 2 2 0 2 0 0 0
 2 0 0 2 0 2 2 2 2 2 2 0 0 0 0 0 2 2 2 0 2 0 0 0 2 0 0 0 2 0 0 2 0 0 0 0 0
 0 0 0 2 2 2 2 2 0 0 2 0 0 0 0 0 2 2 0 2 2 2 0 2 0 0 2 0 0 2 2 0 0 0 0 2 0
 2 2 2 2 2 2 2 0 2 2 2 2 2 2 2 0 0 2 2 2 0 0 2 2 2 2 0 2 2 0 2 0 0 2 0 2 2
 2 2 2 0 2 2 0 2 2 2 0 2 0 2 0 0 2 0 2 2 0 0 0 0 0 0 2 2 0 2 2 2 0 0 0 0 2
 0 2 2 2 0 0 0 0 2 0 0 2 2 2 0 0 0 0 2 2 0 0 0 2 2 0 0 2 0 2 0 0 0 0 0 0 0
 2 0 2 0 2 0 2 2 2 0 2 0 0 0 2 2 0 2 0 0 2 2 2 2 2 0 0 0 0 0 2 2 2 0 2 0 0
 2 0 0 2 2 0 0 0 2 0 0 2 0 2 2 0 2 2 0 0 2 0 0 0 0 2 0 0 2 2 0 0 2 0 0 0 2
 0 0 0 0 2 0 0 0 0 0 2 2 0 2 0 2 2 0 0]
[INFO] score: 0.748
