start
[INFO] evaluating...
[2 0 0 2 0 0 2 0 2 0 0 2 0 2 0 2 2 0 0 0 2 2 0 0 2 0 2 2 2 2 0 0 4 0 2 2 2
 0 4 0 0 0 2 0 2 2 2 4 2 0 2 0 2 2 0 0 0 0 0 0 2 0 2 2 0 0 2 0 0 0 2 0 0 0
 2 0 2 0 2 2 2 2 2 0 0 0 0 0 2 2 0 0 0 2 0 2 2 2 0 0 2 0 0 0 0 0 2 0 2 2 0
 0 2 0 0 2 0 2 2 2 2 2 2 0 0 0 2 0 0 2 2 0 2 2 0 2 0 0 2 0 2 0 2 0 0 2 0 0
 0 2 2 2 0 0 0 0 2 0 0 2 0 0 2 0 2 0 0 2 2 0 0 0 2 2 2 2 2 2 0 0 0 2 0 0 2
 2 0 0 2 2 0 0 2 0 0 0 2 0 0 0 0 0 2 2 2 0 2 0 0 0 0 2 0 2 0 2 2 0 4 0 0 0
 2 0 0 2 0 2 2 2 2 2 2 0 2 0 0 0 2 2 2 0 2 0 0 0 2 0 0 0 2 2 0 2 0 0 2 0 0
 0 0 0 2 2 2 2 2 0 0 2 0 0 0 0 0 2 2 0 2 2 2 0 2 0 0 2 0 0 2 2 0 0 0 2 2 0
 2 2 2 2 2 2 2 0 2 2 2 2 2 2 4 0 0 2 2 2 0 0 2 2 2 2 0 2 2 0 2 0 0 2 0 2 2
 2 2 2 0 2 2 0 2 2 2 0 2 0 4 0 0 2 0 2 2 0 0 0 0 0 0 2 2 0 2 2 2 0 0 0 0 2
 2 2 2 2 0 0 2 0 2 0 0 2 2 2 0 0 0 0 2 2 0 0 0 2 2 0 0 2 0 2 0 0 0 0 0 0 2
 2 0 2 0 2 0 2 2 2 0 2 2 2 0 2 4 0 2 0 0 2 2 2 2 2 0 0 0 0 0 2 2 2 0 2 0 0
 2 0 0 2 2 0 0 0 4 0 0 2 0 2 2 0 2 2 0 0 2 0 0 0 0 2 0 0 2 2 0 0 2 0 2 0 2
 0 0 2 0 2 0 2 0 0 0 2 2 0 2 2 2 2 0 2]
[INFO] score: 0.772
start
[INFO] evaluating...
[2 0 0 2 0 0 2 0 2 0 0 2 0 2 0 2 2 0 0 0 2 2 0 0 2 0 2 2 2 2 0 0 2 0 2 2 2
 0 2 0 0 0 2 0 2 2 2 2 2 0 2 0 2 2 0 0 0 0 0 0 2 0 2 2 0 0 2 0 0 0 2 0 0 0
 2 0 2 0 2 2 0 2 0 0 0 0 0 0 2 2 0 0 0 2 0 2 2 2 0 0 2 0 0 0 0 0 2 0 2 2 0
 0 2 0 0 2 0 2 2 2 2 2 2 0 0 0 2 0 0 2 2 0 2 2 0 2 0 0 2 0 2 0 0 0 0 2 0 0
 0 2 2 2 0 0 0 0 2 0 0 2 0 0 2 0 2 0 0 2 2 0 0 0 2 2 2 2 2 2 0 0 0 2 0 0 2
 2 0 0 2 2 0 0 2 0 0 0 2 0 0 0 0 0 2 2 2 0 2 0 0 0 0 2 0 2 0 2 2 0 2 0 0 0
 2 0 0 2 0 2 2 2 2 2 2 0 2 0 0 0 2 2 2 0 2 0 0 0 2 0 0 0 2 2 0 2 0 0 2 0 0
 0 0 0 2 2 2 2 2 0 0 2 0 0 0 0 0 2 2 0 2 2 2 0 2 0 0 2 0 0 2 2 0 0 0 0 2 0
 2 2 2 2 2 2 2 0 2 2 2 2 2 2 2 0 0 2 2 2 0 0 2 2 0 2 0 2 2 0 2 0 0 2 0 2 2
 2 2 2 0 2 2 0 2 2 2 0 2 0 2 0 0 2 0 2 2 0 0 0 0 0 0 2 2 0 2 2 2 0 0 0 0 2
 2 2 2 2 0 0 0 0 2 0 0 2 2 2 0 0 0 0 2 2 0 0 0 2 2 0 0 2 0 2 0 0 0 0 0 0 2
 2 0 2 0 2 0 2 2 2 0 2 2 2 0 0 2 0 2 0 0 2 2 2 2 2 0 0 0 0 0 2 2 2 0 2 0 0
 2 0 0 2 2 0 0 0 2 0 0 2 0 2 2 0 2 2 0 0 2 0 0 0 0 2 0 0 2 2 0 0 2 0 2 0 2
 0 0 2 0 2 0 2 2 0 0 2 2 0 2 2 2 2 0 0]
[INFO] score: 0.754
start
[INFO] evaluating...
[2 0 0 2 0 0 2 0 2 0 0 2 0 2 0 2 2 0 0 0 2 2 0 0 2 0 2 2 2 2 0 0 4 0 2 2 2
 0 4 0 0 0 2 0 2 2 2 4 2 0 2 0 2 2 0 0 2 0 0 0 2 0 2 2 0 0 2 0 0 0 2 0 0 0
 2 0 2 0 2 2 2 2 2 0 0 0 0 0 2 2 2 0 0 2 0 2 2 2 0 0 2 0 0 0 0 0 2 0 2 2 0
 0 2 0 0 2 0 2 2 2 2 2 2 0 0 0 2 0 0 2 2 0 2 2 0 2 0 0 2 0 2 0 0 0 0 2 0 0
 0 2 2 2 0 0 0 0 2 0 0 2 0 0 4 0 2 0 0 0 2 0 0 0 2 2 2 2 2 2 0 0 0 2 0 0 2
 2 0 0 2 2 0 0 2 0 0 0 2 0 0 0 0 0 2 2 2 0 2 0 0 0 0 2 0 2 0 2 2 0 4 0 0 0
 2 0 0 2 0 2 2 2 2 2 2 0 0 0 0 0 2 2 2 0 2 0 0 0 2 0 0 0 2 2 0 2 0 0 2 0 0
 0 0 0 2 2 2 2 2 0 0 2 0 0 0 0 0 2 2 0 2 4 2 0 2 0 0 2 0 0 2 2 0 0 0 2 2 0
 2 2 2 2 2 2 2 0 2 2 2 2 2 2 4 0 0 2 2 2 0 0 2 2 2 2 0 2 2 0 2 0 0 2 0 2 2
 2 2 2 0 2 2 0 2 2 2 0 2 0 4 0 0 2 0 2 2 0 0 0 0 0 0 2 2 0 2 2 2 0 0 0 0 2
 2 2 2 2 0 0 2 0 2 2 0 2 2 2 0 0 0 0 2 2 0 0 0 2 2 0 0 4 0 2 0 0 0 0 0 0 2
 2 0 2 0 2 0 2 2 2 0 2 2 2 0 2 2 0 2 0 0 2 4 2 2 2 0 0 0 0 0 2 2 2 0 2 0 0
 2 0 0 2 2 0 0 0 2 0 0 2 0 2 2 0 4 2 0 0 2 0 0 0 0 2 0 0 2 2 0 0 2 0 2 0 2
 0 0 2 0 2 0 2 0 0 0 2 2 0 2 2 2 2 0 0]
[INFO] score: 0.77
